CoachLeisi : 0,688000,1590000,905000,953000
Braunbär7 : 123211,888000,396725,1005000,1254000,807000
Julian : 0,472000,970000,788000,831000
Timo Kramer : 0,1272000,331140,724000,1060000,871000
Sascha187 : 702849,916000,809000,600000,1120000
Joel : 0,715000,260695,955000,788000,936000
MirkoHengst : 252935,495000,715000,964000,845000
Philipp: 99690,584000,769000,896000,914000
Robinho : 0,1224000,1036000,1134000
Vincent : 0,771000,600000,285506,836000,1000000
Vanilleeis23: 0,984000,885000,890000,1444000
